=== Console ===
=== Vars ===
|{ a: [ [ 1.1 0.55 0.366667 0.275 ] [ 0.55 0.366667 0.275 0.22 ] [ 0.366667 0.275 0.22 0.183333 ] [ 0.275 0.22 0.183333 0.157143 ] ]; b: [ [ 1.1 0.55 0.366667 0.275 ] [ 0.55 0.366667 0.275 0.22 ] [ 0.366667 0.275 0.22 0.183333 ] [ 0.275 0.22 0.183333 0.157143 ] ]; c: [ [ 1.72257 0.968 0.685667 0.533937 ] [ 0.968 0.560969 0.403333 0.316905 ] [ 0.685667 0.403333 0.292081 0.230476 ] [ 0.533937 0.316905 0.230476 0.18233 ] ]; i: 4; j: 4; k: 4; }|
